<?xml version="1.0" encoding="utf-8"?>
<COLLADA xmlns="http://www.collada.org/2005/11/COLLADASchema" version="1.4.1">
  <asset>
    <contributor>
      <author>Mixamo</author>
      <authoring_tool>COLLADA Mixamo exporter</authoring_tool>
      <comments/>
    </contributor>
    <created>2024-03-25T19:05:24Z</created>
    <modified>2024-03-25T19:05:24Z</modified>
    <revision/>
    <title/>
    <unit meter="0.010000"/>
    <up_axis>Y_UP</up_axis>
  </asset>
  <library_animations>
    <animation id="mixamorig_Hips-anim" name="mixamorig_Hips">
      <source id="mixamorig_Hips-Matrix-animation-input">
        <float_array id="mixamorig_Hips-Matrix-animation-input-array" count="80">

0.000000 0.033333 0.066667 0.100000 0.133333 0.166667 0.200000 0.233333 0.266667 0.300000 0.333333 0.366667 0.400000 0.433333 0.466667 0.500000
0.533333 0.566667 0.600000 0.633333 0.666667 0.700000 0.733333 0.766667 0.800000 0.833333 0.866667 0.900000 0.933333 0.966667 1.000000 1.033333
1.066667 1.100000 1.133333 1.166667 1.200000 1.233333 1.266667 1.300000 1.333333 1.366667 1.400000 1.433333 1.466667 1.500000 1.533333 1.566667
1.600000 1.633333 1.666667 1.700000 1.733333 1.766667 1.800000 1.833333 1.866667 1.900000 1.933333 1.966667 2.000000 2.033333 2.066667 2.100000
2.133333 2.166667 2.200000 2.233333 2.266667 2.300000 2.333333 2.366667 2.400000 2.433333 2.466667 2.500000 2.533333 2.566667 2.600000 2.633333</float_array>
        <technique_common>
          <accessor source="#mixamorig_Hips-Matrix-animation-input-array" count="80">
            <param name="TIME" type="float"/>
          </accessor>
        </technique_common>
      </source>
      <source id="mixamorig_Hips-Matrix-animation-output-transform">
        <float_array id="mixamorig_Hips-Matrix-animation-output-transform-array" count="1280">

0.945932 -0.006974 -0.324289 0.316418 -0.058799 0.979518 -0.192578 85.745674 0.318990 0.201234 0.926148 -0.281052 0.000000 0.000000 0.000000 1.000000
0.948166 -0.004711 -0.317741 0.064296 -0.061018 0.978585 -0.196589 86.277206 0.311863 0.205787 0.927574 -0.394986 0.000000 0.000000 0.000000 1.000000
0.950109 -0.004846 -0.311882 -0.218695 -0.060763 0.977849 -0.200298 86.761871 0.305944 0.209256 0.928768 -0.532371 0.000000 0.000000 0.000000 1.000000
0.950790 -0.006457 -0.309768 -0.626267 -0.058503 0.978057 -0.199953 87.231018 0.304262 0.208236 0.929550 -0.791342 0.000000 0.000000 0.000000 1.000000
0.948236 -0.010039 -0.317409 -1.154510 -0.053498 0.980166 -0.190822 87.612427 0.313029 0.197925 0.928891 -1.091441 0.000000 0.000000 0.000000 1.000000
0.940114 -0.019183 -0.340321 -1.793609 -0.041592 0.984499 -0.170389 87.776344 0.338314 0.174339 0.924743 -1.325468 0.000000 0.000000 0.000000 1.000000
0.924219 -0.033815 -0.380364 -2.459192 -0.021622 0.989839 -0.140536 87.652100 0.381251 0.138111 0.914097 -1.361912 0.000000 0.000000 0.000000 1.000000
0.900503 -0.048483 -0.432138 -3.033489 0.004709 0.994794 -0.101795 87.260681 0.434824 0.089632 0.896044 -1.102952 0.000000 0.000000 0.000000 1.000000
0.866697 -0.061177 -0.495069 -3.476767 0.033549 0.997353 -0.064512 86.690681 0.497705 0.039304 0.866455 -0.464618 0.000000 0.000000 0.000000 1.000000
0.804974 -0.067395 -0.589470 -4.054772 0.056893 0.997717 -0.036377 86.061638 0.590576 -0.004254 0.806971 0.459074 0.000000 0.000000 0.000000 1.000000
0.724460 -0.074489 -0.685281 -4.720933 0.080503 0.996484 -0.023211 85.643280 0.684600 -0.038351 0.727909 1.814573 0.000000 0.000000 0.000000 1.000000
0.678802 -0.103315 -0.727017 -4.906802 0.107781 0.993348 -0.040530 85.579514 0.726368 -0.050847 0.685422 3.392497 0.000000 0.000000 0.000000 1.000000
0.644297 -0.134500 -0.752856 -5.008525 0.139329 0.988583 -0.057376 85.668167 0.751977 -0.067927 0.655680 4.873028 0.000000 0.000000 0.000000 1.000000
0.609626 -0.155348 -0.777318 -5.096973 0.166668 0.983808 -0.065903 85.541969 0.774970 -0.089378 0.625647 6.116747 0.000000 0.000000 0.000000 1.000000
0.579958 -0.173030 -0.796059 -5.152032 0.190080 0.978953 -0.074304 85.297836 0.792161 -0.108222 0.600641 7.191112 0.000000 0.000000 0.000000 1.000000
0.561012 -0.190886 -0.805498 -5.116383 0.210154 0.974014 -0.084453 85.147858 0.800687 -0.121900 0.586549 8.071281 0.000000 0.000000 0.000000 1.000000
0.549662 -0.206503 -0.809462 -5.017589 0.223593 0.969981 -0.095624 84.975677 0.804909 -0.128429 0.579334 8.681879 0.000000 0.000000 0.000000 1.000000
0.541555 -0.216631 -0.812274 -4.845226 0.225993 0.968175 -0.107537 84.776688 0.809719 -0.125331 0.573277 9.109981 0.000000 0.000000 0.000000 1.000000
0.539916 -0.222650 -0.811737 -4.557279 0.221033 0.968040 -0.118505 84.732735 0.812179 -0.115438 0.571874 9.493819 0.000000 0.000000 0.000000 1.000000
0.548296 -0.226421 -0.805050 -4.136172 0.212598 0.968763 -0.127671 84.822800 0.808810 -0.101150 0.579306 9.854507 0.000000 0.000000 0.000000 1.000000
0.572508 -0.225561 -0.788262 -3.620217 0.199231 0.970870 -0.133115 84.895828 0.795325 -0.080837 0.600769 10.184739 0.000000 0.000000 0.000000 1.000000
0.624546 -0.214551 -0.750940 -3.144707 0.180118 0.975174 -0.128815 85.061417 0.759934 -0.054807 0.647685 10.468821 0.000000 0.000000 0.000000 1.000000
0.706915 -0.191623 -0.680847 -2.832228 0.158704 0.981030 -0.111328 85.553032 0.689264 -0.029353 0.723915 10.659841 0.000000 0.000000 0.000000 1.000000
0.807219 -0.158672 -0.568524 -2.533858 0.132870 0.987317 -0.086899 86.309242 0.575102 -0.005393 0.818064 10.847091 0.000000 0.000000 0.000000 1.000000
0.904537 -0.120158 -0.409115 -2.235833 0.101021 0.992547 -0.068162 87.099625 0.414256 0.020326 0.909933 11.020033 0.000000 0.000000 0.000000 1.000000
0.973723 -0.085230 -0.211185 -2.154241 0.072635 0.995125 -0.066710 88.195427 0.215842 0.049618 0.975167 10.853603 0.000000 0.000000 0.000000 1.000000
0.998333 -0.057056 -0.008709 -2.146777 0.056240 0.995566 -0.075407 89.277451 0.012973 0.074792 0.997115 10.034649 0.000000 0.000000 0.000000 1.000000
0.987109 -0.028320 0.157524 -1.845630 0.042635 0.995186 -0.088248 89.751785 -0.154266 0.093827 0.983564 8.709354 0.000000 0.000000 0.000000 1.000000
0.962209 0.013860 0.271959 -1.361074 0.017968 0.993296 -0.114192 89.492096 -0.271719 0.114763 0.955509 7.120386 0.000000 0.000000 0.000000 1.000000
0.938476 0.062748 0.339597 -1.023448 -0.011138 0.988343 -0.151838 88.775421 -0.345166 0.138714 0.928234 5.625684 0.000000 0.000000 0.000000 1.000000
0.924927 0.088475 0.369706 -1.202952 -0.012341 0.979015 -0.203415 88.213074 -0.379945 0.183581 0.906609 4.808617 0.000000 0.000000 0.000000 1.000000
0.917698 0.094135 0.385965 -1.827825 0.011019 0.965117 -0.261587 87.715218 -0.397126 0.244310 0.884649 4.654189 0.000000 0.000000 0.000000 1.000000
0.904422 0.104762 0.413577 -2.507375 0.029053 0.952010 -0.304686 86.568108 -0.425649 0.287581 0.857975 4.738471 0.000000 0.000000 0.000000 1.000000
0.880371 0.124900 0.457544 -3.092156 0.034028 0.945582 -0.323599 84.684334 -0.473063 0.300456 0.828214 4.910866 0.000000 0.000000 0.000000 1.000000
0.855149 0.148476 0.496663 -3.652790 0.032041 0.941132 -0.336517 82.573578 -0.517391 0.303686 0.800051 5.280165 0.000000 0.000000 0.000000 1.000000
0.838761 0.183233 0.512743 -4.109262 0.017739 0.931983 -0.362069 80.621826 -0.544211 0.312785 0.778460 5.731937 0.000000 0.000000 0.000000 1.000000
0.830222 0.221928 0.511351 -4.483484 -0.001110 0.917988 -0.396607 78.850288 -0.557432 0.328704 0.762380 6.023769 0.000000 0.000000 0.000000 1.000000
0.829606 0.247395 0.500549 -4.808195 -0.014400 0.905662 -0.423756 77.496368 -0.558163 0.344342 0.754906 6.115475 0.000000 0.000000 0.000000 1.000000
0.838852 0.252316 0.482352 -4.995275 -0.023403 0.901989 -0.431125 76.783829 -0.543856 0.350361 0.762541 6.020253 0.000000 0.000000 0.000000 1.000000
0.857204 0.237050 0.457174 -5.047406 -0.024947 0.905830 -0.422907 76.884712 -0.514372 0.351112 0.782395 5.714567 0.000000 0.000000 0.000000 1.000000
0.880501 0.211868 0.424063 -5.031002 -0.020474 0.910727 -0.412501 77.500664 -0.473602 0.354525 0.806234 5.198386 0.000000 0.000000 0.000000 1.000000
0.907019 0.183903 0.378810 -5.036171 -0.021282 0.918463 -0.394934 78.128479 -0.420553 0.350150 0.836977 4.391393 0.000000 0.000000 0.000000 1.000000
0.932989 0.162279 0.321242 -5.229839 -0.035052 0.929305 -0.367647 78.618950 -0.358193 0.331750 0.872720 3.286972 0.000000 0.000000 0.000000 1.000000
0.955151 0.145590 0.257857 -5.573868 -0.053319 0.941112 -0.333864 79.236450 -0.291279 0.305142 0.906667 2.084018 0.000000 0.000000 0.000000 1.000000
0.975010 0.121792 0.185802 -5.647255 -0.062628 0.953099 -0.296109 80.158257 -0.213152 0.277073 0.936908 1.009477 0.000000 0.000000 0.000000 1.000000
0.989893 0.097048 0.103411 -5.655292 -0.066880 0.962462 -0.263047 81.258316 -0.125057 0.253472 0.959225 0.023214 0.000000 0.000000 0.000000 1.000000
0.997049 0.074599 0.018120 -6.113301 -0.068172 0.968911 -0.237833 82.443649 -0.035299 0.235896 0.971137 -1.032052 0.000000 0.000000 0.000000 1.000000
0.996179 0.057277 -0.065928 -6.670452 -0.070162 0.974398 -0.213603 83.692886 0.052005 0.217413 0.974693 -1.973622 0.000000 0.000000 0.000000 1.000000
0.988640 0.044149 -0.143675 -7.167493 -0.070725 0.980097 -0.185495 84.824738 0.132626 0.193549 0.972085 -2.770260 0.000000 0.000000 0.000000 1.000000
0.976373 0.030926 -0.213868 -7.705800 -0.065869 0.985200 -0.158246 85.864990 0.205809 0.168595 0.963960 -3.472350 0.000000 0.000000 0.000000 1.000000
0.961758 0.013317 -0.273577 -8.329724 -0.052338 0.989348 -0.135836 86.894295 0.268854 0.144960 0.952210 -4.105165 0.000000 0.000000 0.000000 1.000000
0.946557 -0.005249 -0.322495 -8.813710 -0.034830 0.992357 -0.118381 87.699242 0.320651 0.123287 0.939140 -4.523769 0.000000 0.000000 0.000000 1.000000
0.931095 -0.021938 -0.364118 -9.026879 -0.017752 0.994282 -0.105300 88.139572 0.364346 0.104509 0.925381 -4.669471 0.000000 0.000000 0.000000 1.000000
0.915028 -0.037462 -0.401647 -9.113275 -0.001287 0.995402 -0.095775 88.368637 0.403389 0.088154 0.910773 -4.660804 0.000000 0.000000 0.000000 1.000000
0.898687 -0.050180 -0.435710 -9.149985 0.012889 0.996026 -0.088125 88.511391 0.438401 0.073580 0.895763 -4.534875 0.000000 0.000000 0.000000 1.000000
0.883508 -0.061040 -0.464422 -9.171484 0.025074 0.996214 -0.083236 88.606682 0.467745 0.061894 0.881694 -4.351027 0.000000 0.000000 0.000000 1.000000
0.869787 -0.071128 -0.488273 -9.135702 0.035607 0.996024 -0.081665 88.579201 0.492140 0.053646 0.868861 -4.176271 0.000000 0.000000 0.000000 1.000000
0.857008 -0.079405 -0.509148 -8.955563 0.044599 0.995778 -0.080228 88.445824 0.513369 0.046048 0.856932 -4.006957 0.000000 0.000000 0.000000 1.000000
0.846844 -0.085441 -0.524933 -8.642735 0.050353 0.995458 -0.080795 88.276260 0.529452 0.041989 0.847300 -3.816642 0.000000 0.000000 0.000000 1.000000
0.840088 -0.090115 -0.534912 -8.249002 0.051618 0.994910 -0.086543 88.021042 0.539988 0.045092 0.840464 -3.598304 0.000000 0.000000 0.000000 1.000000
0.836671 -0.094337 -0.539521 -7.786898 0.050320 0.994129 -0.095793 87.707649 0.545390 0.052998 0.836505 -3.359252 0.000000 0.000000 0.000000 1.000000
0.838041 -0.097767 -0.536776 -7.261105 0.047775 0.993185 -0.106308 87.410713 0.543511 0.063446 0.837001 -3.123177 0.000000 0.000000 0.000000 1.000000
0.844322 -0.099520 -0.526514 -6.672775 0.044062 0.992168 -0.116879 87.113686 0.534022 0.075484 0.842094 -2.887855 0.000000 0.000000 0.000000 1.000000
0.852839 -0.099704 -0.512566 -6.041236 0.038772 0.990983 -0.128254 86.807762 0.520732 0.089507 0.849015 -2.642676 0.000000 0.000000 0.000000 1.000000
0.862065 -0.099454 -0.496944 -5.422405 0.031762 0.989231 -0.142877 86.516640 0.505802 0.107386 0.855940 -2.425221 0.000000 0.000000 0.000000 1.000000
0.872279 -0.098978 -0.478887 -4.823902 0.025085 0.987069 -0.158320 86.213387 0.488365 0.126087 0.863483 -2.220664 0.000000 0.000000 0.000000 1.000000
0.882458 -0.096145 -0.460460 -4.158657 0.018300 0.985165 -0.170633 85.904678 0.470034 0.142150 0.871126 -1.966997 0.000000 0.000000 0.000000 1.000000
0.891963 -0.089219 -0.443219 -3.419619 0.009327 0.983758 -0.179259 85.622421 0.452013 0.155759 0.878307 -1.675123 0.000000 0.000000 0.000000 1.000000
0.901142 -0.079976 -0.426084 -2.709027 0.000278 0.982943 -0.183910 85.291229 0.433525 0.165610 0.885793 -1.370816 0.000000 0.000000 0.000000 1.000000
0.909417 -0.071223 -0.409742 -2.043816 -0.006760 0.982565 -0.185797 84.942886 0.415831 0.171737 0.893079 -1.047162 0.000000 0.000000 0.000000 1.000000
0.916605 -0.063555 -0.394710 -1.353273 -0.012020 0.982456 -0.186104 84.745239 0.399613 0.175329 0.899761 -0.696817 0.000000 0.000000 0.000000 1.000000
0.922824 -0.056182 -0.381102 -0.695841 -0.016754 0.982518 -0.185412 84.634079 0.384857 0.177488 0.905750 -0.346593 0.000000 0.000000 0.000000 1.000000
0.928026 -0.049374 -0.369230 -0.184766 -0.020635 0.982842 -0.183291 84.490265 0.371944 0.177717 0.911084 -0.046314 0.000000 0.000000 0.000000 1.000000
0.932698 -0.044811 -0.357863 0.208236 -0.022683 0.982998 -0.182208 84.386078 0.359943 0.178063 0.915824 0.168312 0.000000 0.000000 0.000000 1.000000
0.936663 -0.041569 -0.347757 0.490113 -0.024072 0.982942 -0.182333 84.284203 0.349405 0.179156 0.919684 0.267040 0.000000 0.000000 0.000000 1.000000
0.939294 -0.037406 -0.341069 0.694922 -0.026962 0.982919 -0.182051 84.295456 0.342054 0.180195 0.922241 0.257949 0.000000 0.000000 0.000000 1.000000
0.940673 -0.033869 -0.337619 0.756934 -0.031003 0.982264 -0.184921 84.479424 0.337894 0.184418 0.922940 0.157512 0.000000 0.000000 0.000000 1.000000
0.943051 -0.025055 -0.331702 0.703266 -0.040938 0.980838 -0.190477 84.772285 0.330118 0.193209 0.923955 0.027556 0.000000 0.000000 0.000000 1.000000
0.944698 -0.015779 -0.327562 0.526455 -0.050252 0.980080 -0.192141 85.203140 0.324068 0.197976 0.925087 -0.137830 0.000000 0.000000 0.000000 1.000000
0.945932 -0.006974 -0.324289 0.316425 -0.058799 0.979518 -0.192578 85.745674 0.318990 0.201234 0.926148 -0.281042 0.000000 0.000000 0.000000 1.000000</float_array>
        <technique_common>
          <accessor source="#mixamorig_Hips-Matrix-animation-output-transform-array" count="80" stride="16">
            <param type="float4x4"/>
          </accessor>
        </technique_common>
      </source>
      <source id="mixamorig_Hips-Interpolations">
        <Name_array id="mixamorig_Hips-Interpolations-array" count="80">
 LINEAR LINEAR LINEAR LINEAR LINEAR LINEAR LINEAR LINEAR LINEAR LINEAR LINEAR
LINEAR LINEAR LINEAR LINEAR LINEAR LINEAR LINEAR LINEAR LINEAR LINEAR LINEAR LINEAR
LINEAR LINEAR LINEAR LINEAR LINEAR LINEAR LINEAR LINEAR LINEAR LINEAR LINEAR LINEAR
LINEAR LINEAR LINEAR LINEAR LINEAR LINEAR LINEAR LINEAR LINEAR LINEAR LINEAR LINEAR
LINEAR LINEAR LINEAR LINEAR LINEAR LINEAR LINEAR LINEAR LINEAR LINEAR LINEAR LINEAR
LINEAR LINEAR LINEAR LINEAR LINEAR LINEAR LINEAR LINEAR LINEAR LINEAR LINEAR LINEAR
LINEAR LINEAR LINEAR LINEAR LINEAR LINEAR LINEAR LINEAR LINEAR</Name_array>
        <technique_common>
          <accessor source="#mixamorig_Hips-Interpolations-array" count="80">
            <param type="name"/>
          </accessor>
        </technique_common>
      </source>
      <sampler id="mixamorig_Hips-Matrix-animation-transform">
        <input semantic="INPUT" source="#mixamorig_Hips-Matrix-animation-input"/>
        <input semantic="OUTPUT" source="#mixamorig_Hips-Matrix-animation-output-transform"/>
        <input semantic="INTERPOLATION" source="#mixamorig_Hips-Interpolations"/>
      </sampler>
      <channel source="#mixamorig_Hips-Matrix-animation-transform" target="mixamorig_Hips/matrix"/>
    </animation>
    <animation id="mixamorig_Spine-anim" name="mixamorig_Spine">
      <source id="mixamorig_Spine-Matrix-animation-input">
        <float_array id="mixamorig_Spine-Matrix-animation-input-array" count="80">

0.000000 0.033333 0.066667 0.100000 0.133333 0.166667 0.200000 0.233333 0.266667 0.300000 0.333333 0.366667 0.400000 0.433333 0.466667 0.500000
0.533333 0.566667 0.600000 0.633333 0.666667 0.700000 0.733333 0.766667 0.800000 0.833333 0.866667 0.900000 0.933333 0.966667 1.000000 1.033333
1.066667 1.100000 1.133333 1.166667 1.200000 1.233333 1.266667 1.300000 1.333333 1.366667 1.400000 1.433333 1.466667 1.500000 1.533333 1.566667
1.600000 1.633333 1.666667 1.700000 1.733333 1.766667 1.800000 1.833333 1.866667 1.900000 1.933333 1.966667 2.000000 2.033333 2.066667 2.100000
2.133333 2.166667 2.200000 2.233333 2.266667 2.300000 2.333333 2.366667 2.400000 2.433333 2.466667 2.500000 2.533333 2.566667 2.600000 2.633333</float_array>
        <technique_common>
          <accessor source="#mixamorig_Spine-Matrix-animation-input-array" count="80">
            <param name="TIME" type="float"/>
          </accessor>
        </technique_common>
      </source>
      <source id="mixamorig_Spine-Matrix-animation-output-transform">
        <float_array id="mixamorig_Spine-Matrix-animation-output-transform-array" count="1280">

0.999471 -0.029698 -0.013225 -0.000000 0.030389 0.997992 0.055565 13.663900 0.011549 -0.055938 0.998367 -1.184000 0.000000 0.000000 0.000000 1.000000
0.999580 -0.027751 -0.008297 0.000000 0.028187 0.997913 0.058091 13.663900 0.006668 -0.058300 0.998277 -1.184000 0.000000 0.000000 0.000000 1.000000
0.999649 -0.026472 -0.000799 0.000000 0.026470 0.997741 0.061743 13.663900 -0.000838 -0.061743 0.998092 -1.184000 0.000000 0.000000 0.000000 1.000000
0.999577 -0.027695 0.008924 0.000000 0.027039 0.997407 0.066699 13.663900 -0.010748 -0.066429 0.997733 -1.184000 0.000000 0.000000 0.000000 1.000000
0.999331 -0.033408 0.014858 0.000000 0.032210 0.996693 0.074603 13.663900 -0.017301 -0.074074 0.997103 -1.184000 0.000000 0.000000 0.000000 1.000000
0.998982 -0.043435 0.012218 -0.000000 0.042194 0.995221 0.088059 13.663900 -0.015985 -0.087454 0.996040 -1.184000 0.000000 0.000000 0.000000 1.000000
0.998642 -0.051196 0.009685 0.000000 0.049855 0.992906 0.107941 13.663900 -0.015143 -0.107312 0.994110 -1.184000 0.000000 0.000000 0.000000 1.000000
0.998450 -0.055526 0.003891 0.000000 0.054570 0.990244 0.128213 13.663900 -0.010972 -0.127802 0.991739 -1.184000 0.000000 0.000000 0.000000 1.000000
0.997917 -0.061222 -0.020312 0.000000 0.063572 0.986783 0.149058 13.663900 0.010918 -0.150039 0.988620 -1.184000 0.000000 0.000000 0.000000 1.000000
0.996117 -0.069686 -0.053795 0.000000 0.078081 0.981602 0.174245 13.663900 0.040663 -0.177769 0.983232 -1.184000 0.000000 0.000000 0.000000 1.000000
0.991895 -0.085371 -0.094105 0.000000 0.102871 0.974294 0.200421 13.663900 0.074576 -0.208477 0.975180 -1.184000 0.000000 0.000000 0.000000 1.000000
0.986478 -0.099581 -0.130175 0.000000 0.126182 0.968323 0.215474 13.663900 0.104594 -0.228986 0.967794 -1.184000 0.000000 0.000000 0.000000 1.000000
0.981937 -0.110723 -0.153430 -0.000000 0.143693 0.963939 0.223994 13.663900 0.123096 -0.241995 0.962437 -1.184000 0.000000 0.000000 0.000000 1.000000
0.978071 -0.116767 -0.172459 0.000000 0.154499 0.962074 0.224819 13.663900 0.139667 -0.246534 0.959017 -1.184000 0.000000 0.000000 0.000000 1.000000
0.973190 -0.123998 -0.193713 0.000000 0.166239 0.961267 0.219843 13.663900 0.158950 -0.246152 0.956109 -1.184000 0.000000 0.000000 0.000000 1.000000
0.967554 -0.135525 -0.213242 0.000000 0.181024 0.960609 0.210859 13.663900 0.176265 -0.242619 0.953974 -1.184000 0.000000 0.000000 0.000000 1.000000
0.962885 -0.140101 -0.230704 0.000000 0.188616 0.960664 0.203834 13.663900 0.193072 -0.239783 0.951434 -1.184000 0.000000 0.000000 0.000000 1.000000
0.959760 -0.137309 -0.244963 0.000000 0.188576 0.961500 0.199890 13.663900 0.208085 -0.238041 0.948703 -1.184000 0.000000 0.000000 0.000000 1.000000
0.957920 -0.137257 -0.252093 0.000000 0.189622 0.961933 0.196798 13.663900 0.215485 -0.236319 0.947481 -1.184000 0.000000 0.000000 0.000000 1.000000
0.957463 -0.139001 -0.252868 -0.000000 0.191268 0.961876 0.195476 13.663900 0.216057 -0.235527 0.947548 -1.184000 0.000000 0.000000 0.000000 1.000000
0.957949 -0.138284 -0.251418 0.000000 0.190578 0.961659 0.197210 13.663900 0.214507 -0.236832 0.947575 -1.184000 0.000000 0.000000 0.000000 1.000000
0.959040 -0.136035 -0.248467 0.000000 0.188764 0.960918 0.202497 13.663900 0.211210 -0.241105 0.947237 -1.184000 0.000000 0.000000 0.000000 1.000000
0.961402 -0.127834 -0.243648 0.000000 0.181554 0.960113 0.212650 13.663900 0.206746 -0.248678 0.946264 -1.184000 0.000000 0.000000 0.000000 1.000000
0.965385 -0.115158 -0.234032 0.000000 0.168747 0.959931 0.223735 13.663900 0.198889 -0.255483 0.946135 -1.184000 0.000000 0.000000 0.000000 1.000000
0.973950 -0.100282 -0.203383 0.000000 0.147628 0.961202 0.233016 13.663900 0.172125 -0.256972 0.950967 -1.184000 0.000000 0.000000 0.000000 1.000000
0.986138 -0.075405 -0.147800 0.000000 0.109927 0.964141 0.241553 13.663900 0.124286 -0.254452 0.959066 -1.184000 0.000000 0.000000 0.000000 1.000000
0.995807 -0.046899 -0.078540 0.000000 0.064299 0.969550 0.236303 13.663900 0.065066 -0.240362 0.968500 -1.184000 0.000000 0.000000 0.000000 1.000000
0.999344 -0.035903 -0.004714 0.000000 0.036086 0.976637 0.211843 13.663900 -0.003002 -0.211875 0.977292 -1.184000 0.000000 0.000000 0.000000 1.000000
0.996901 -0.053214 0.057939 0.000000 0.041386 0.981106 0.188993 13.663900 -0.066901 -0.186010 0.980268 -1.184000 0.000000 0.000000 0.000000 1.000000
0.990129 -0.093545 0.104370 0.000000 0.073712 0.980919 0.179901 13.663900 -0.119207 -0.170432 0.978132 -1.184000 0.000000 0.000000 0.000000 1.000000
0.982083 -0.124338 0.141613 0.000000 0.099750 0.980529 0.169153 13.663900 -0.159887 -0.151996 0.975363 -1.184000 0.000000 0.000000 0.000000 1.000000
0.977569 -0.124406 0.169948 0.000000 0.099125 0.983717 0.149918 13.663900 -0.185832 -0.129709 0.973983 -1.184000 0.000000 0.000000 0.000000 1.000000
0.972935 -0.124003 0.194989 -0.000000 0.099649 0.986477 0.130128 13.663900 -0.208489 -0.107175 0.972135 -1.184000 0.000000 0.000000 0.000000 1.000000
0.961487 -0.138052 0.237664 -0.000000 0.114135 0.987169 0.111675 13.663900 -0.250031 -0.080249 0.964906 -1.184000 0.000000 0.000000 0.000000 1.000000
0.953170 -0.146010 0.264853 0.000000 0.128055 0.988209 0.083933 13.663900 -0.273986 -0.046087 0.960629 -1.184000 0.000000 0.000000 0.000000 1.000000
0.961699 -0.132595 0.239902 0.000000 0.126676 0.991137 0.039996 13.663900 -0.243079 -0.008074 0.969973 -1.184000 0.000000 0.000000 0.000000 1.000000
0.974674 -0.107297 0.196211 0.000000 0.110373 0.993879 -0.004778 13.663900 -0.194497 0.026313 0.980550 -1.184000 0.000000 0.000000 0.000000 1.000000
0.985332 -0.078181 0.151684 0.000000 0.085703 0.995362 -0.043692 13.663900 -0.147565 0.056051 0.987463 -1.184000 0.000000 0.000000 0.000000 1.000000
0.994319 -0.044492 0.096701 0.000000 0.052185 0.995544 -0.078538 13.663900 -0.092775 0.083138 0.992210 -1.184000 0.000000 0.000000 0.000000 1.000000
0.998816 -0.011806 0.047192 0.000000 0.016438 0.994952 -0.098998 13.663900 -0.045785 0.099657 0.993968 -1.184000 0.000000 0.000000 0.000000 1.000000
0.999754 0.009675 0.019941 0.000000 -0.007686 0.995206 -0.097503 13.663900 -0.020788 0.097326 0.995035 -1.184000 0.000000 0.000000 0.000000 1.000000
0.999759 0.019877 0.009298 0.000000 -0.019063 0.996557 -0.080684 13.663900 -0.010870 0.080488 0.996696 -1.184000 0.000000 0.000000 0.000000 1.000000
0.999786 0.020551 0.002361 0.000000 -0.020388 0.998242 -0.055646 13.663900 -0.003501 0.055586 0.998448 -1.184000 0.000000 0.000000 0.000000 1.000000
0.999906 0.013679 -0.000740 -0.000000 -0.013695 0.999444 -0.030393 13.663900 0.000323 0.030401 0.999538 -1.184000 0.000000 0.000000 0.000000 1.000000
0.999922 0.005026 0.011401 0.000000 -0.004893 0.999920 -0.011645 13.663900 -0.011459 0.011588 0.999867 -1.184000 0.000000 0.000000 0.000000 1.000000
0.999623 -0.002476 0.027361 0.000000 0.002295 0.999975 0.006630 13.663900 -0.027377 -0.006565 0.999604 -1.184000 0.000000 0.000000 0.000000 1.000000
0.999705 -0.003132 0.024077 0.000000 0.002548 0.999703 0.024248 13.663900 -0.024146 -0.024179 0.999416 -1.184000 0.000000 0.000000 0.000000 1.000000
0.999948 -0.009122 0.004546 0.000000 0.008940 0.999223 0.038388 13.663900 -0.004893 -0.038345 0.999253 -1.184000 0.000000 0.000000 0.000000 1.000000
0.999633 -0.020717 -0.017478 0.000000 0.021556 0.998553 0.049261 13.663900 0.016432 -0.049620 0.998633 -1.184000 0.000000 0.000000 0.000000 1.000000
0.998940 -0.027194 -0.037135 -0.000000 0.029253 0.997997 0.056098 13.663900 0.035535 -0.057125 0.997734 -1.184000 0.000000 0.000000 0.000000 1.000000
0.998257 -0.024404 -0.053736 0.000000 0.027696 0.997730 0.061387 13.663900 0.052116 -0.062769 0.996666 -1.184000 0.000000 0.000000 0.000000 1.000000
0.997515 -0.023396 -0.066457 -0.000000 0.027840 0.997381 0.066749 13.663900 0.064722 -0.068433 0.995554 -1.184000 0.000000 0.000000 0.000000 1.000000
0.996736 -0.029691 -0.075077 0.000000 0.035110 0.996791 0.071931 13.663900 0.072700 -0.074332 0.994580 -1.184000 0.000000 0.000000 0.000000 1.000000
0.995991 -0.037527 -0.081203 0.000000 0.043845 0.996029 0.077479 13.663900 0.077973 -0.080729 0.993682 -1.184000 0.000000 0.000000 0.000000 1.000000
0.995058 -0.045720 -0.088143 -0.000000 0.053071 0.995140 0.082941 13.663900 0.083922 -0.087209 0.992649 -1.184000 0.000000 0.000000 0.000000 1.000000
0.993966 -0.052596 -0.096251 0.000000 0.061152 0.994222 0.088219 13.663900 0.091055 -0.093573 0.991440 -1.184000 0.000000 0.000000 0.000000 1.000000
0.993168 -0.057401 -0.101601 0.000000 0.066939 0.993404 0.093100 13.663900 0.095587 -0.099265 0.990459 -1.184000 0.000000 0.000000 0.000000 1.000000
0.992878 -0.060354 -0.102714 0.000000 0.070265 0.992919 0.095782 13.663900 0.096206 -0.102317 0.990089 -1.184000 0.000000 0.000000 0.000000 1.000000
0.992832 -0.061941 -0.102211 0.000000 0.071854 0.992752 0.096331 13.663900 0.095504 -0.102985 0.990087 -1.184000 0.000000 0.000000 0.000000 1.000000
0.992746 -0.064843 -0.101249 -0.000000 0.074609 0.992596 0.095852 13.663900 0.094284 -0.102710 0.990233 -1.184000 0.000000 0.000000 0.000000 1.000000
0.992565 -0.069170 -0.100153 -0.000000 0.078745 0.992354 0.095038 13.663900 0.092814 -0.102218 0.990423 -1.184000 0.000000 0.000000 0.000000 1.000000
0.992511 -0.072630 -0.098218 -0.000000 0.081938 0.992165 0.094311 13.663900 0.090598 -0.101653 0.990686 -1.184000 0.000000 0.000000 0.000000 1.000000
0.992630 -0.075569 -0.094737 0.000000 0.084438 0.992042 0.093399 13.663900 0.086925 -0.100710 0.991111 -1.184000 0.000000 0.000000 0.000000 1.000000
0.992768 -0.078869 -0.090509 0.000000 0.087179 0.991949 0.091857 13.663900 0.082535 -0.099084 0.991650 -1.184000 0.000000 0.000000 0.000000 1.000000
0.992956 -0.080634 -0.086819 -0.000000 0.088523 0.991888 0.091219 13.663900 0.078759 -0.098262 0.992039 -1.184000 0.000000 0.000000 0.000000 1.000000
0.993349 -0.079173 -0.083601 0.000000 0.086804 0.991971 0.091974 13.663900 0.075648 -0.098620 0.992246 -1.184000 0.000000 0.000000 0.000000 1.000000
0.993547 -0.078459 -0.081903 -0.000000 0.085850 0.992144 0.090996 13.663900 0.074120 -0.097440 0.992478 -1.184000 0.000000 0.000000 0.000000 1.000000
0.993589 -0.080081 -0.079795 0.000000 0.087030 0.992331 0.087781 13.663900 0.072154 -0.094162 0.992939 -1.184000 0.000000 0.000000 0.000000 1.000000
0.994135 -0.079347 -0.073480 -0.000000 0.085440 0.992807 0.083875 13.663900 0.066296 -0.089661 0.993763 -1.184000 0.000000 0.000000 0.000000 1.000000
0.995022 -0.075690 -0.064819 -0.000000 0.080791 0.993510 0.080071 13.663900 0.058338 -0.084910 0.994679 -1.184000 0.000000 0.000000 0.000000 1.000000
0.995719 -0.073671 -0.055830 0.000000 0.077787 0.994104 0.075536 13.663900 0.049936 -0.079555 0.995579 -1.184000 0.000000 0.000000 0.000000 1.000000
0.996207 -0.073142 -0.047132 -0.000000 0.076358 0.994585 0.070497 13.663900 0.041721 -0.073828 0.996398 -1.184000 0.000000 0.000000 0.000000 1.000000
0.996781 -0.070062 -0.038970 0.000000 0.072518 0.995204 0.065651 13.663900 0.034184 -0.068265 0.997081 -1.184000 0.000000 0.000000 0.000000 1.000000
0.997335 -0.064592 -0.033926 0.000000 0.066579 0.995908 0.061105 13.663900 0.029841 -0.063200 0.997555 -1.184000 0.000000 0.000000 0.000000 1.000000
0.997794 -0.058081 -0.032150 0.000000 0.059848 0.996577 0.057025 13.663900 0.028728 -0.058823 0.997855 -1.184000 0.000000 0.000000 0.000000 1.000000
0.998125 -0.052987 -0.030654 0.000000 0.054571 0.997082 0.053371 13.663900 0.027737 -0.054944 0.998104 -1.184000 0.000000 0.000000 0.000000 1.000000
0.998416 -0.049094 -0.027473 0.000000 0.050477 0.997364 0.052132 13.663900 0.024841 -0.053436 0.998262 -1.184000 0.000000 0.000000 0.000000 1.000000
0.998918 -0.041470 -0.021039 -0.000000 0.042557 0.997627 0.054129 13.663900 0.018745 -0.054966 0.998312 -1.184000 0.000000 0.000000 0.000000 1.000000
0.999268 -0.034467 -0.016614 0.000000 0.035331 0.997868 0.054882 13.663900 0.014687 -0.055428 0.998355 -1.184000 0.000000 0.000000 0.000000 1.000000
0.999471 -0.029698 -0.013225 -0.000000 0.030389 0.997992 0.055565 13.663900 0.011549 -0.055938 0.998367 -1.184000 0.000000 0.000000 0.000000 1.000000</float_array>
        <technique_common>
          <accessor source="#mixamorig_Spine-Matrix-animation-output-transform-array" count="80" stride="16">
            <param type="float4x4"/>
          </accessor>
        </technique_common>
      </source>
      <source id="mixamorig_Spine-Interpolations">
        <Name_array id="mixamorig_Spine-Interpolations-array" count="80">
 LINEAR LINEAR LINEAR LINEAR LINEAR LINEAR LINEAR LINEAR LINEAR LINEAR LINEAR
LINEAR LINEAR LINEAR LINEAR LINEAR LINEAR LINEAR LINEAR LINEAR LINEAR LINEAR LINEAR
LINEAR LINEAR LINEAR LINEAR LINEAR LINEAR LINEAR LINEAR LINEAR LINEAR LINEAR LINEAR
LINEAR LINEAR LINEAR LINEAR LINEAR LINEAR LINEAR LINEAR LINEAR LINEAR LINEAR LINEAR
LINEAR LINEAR LINEAR LINEAR LINEAR LINEAR LINEAR LINEAR LINEAR LINEAR LINEAR LINEAR
LINEAR LINEAR LINEAR LINEAR LINEAR LINEAR LINEAR LINEAR LINEAR LINEAR LINEAR LINEAR
LINEAR LINEAR LINEAR LINEAR LINEAR LINEAR LINEAR LINEAR LINEAR</Name_array>
        <technique_common>
          <accessor source="#mixamorig_Spine-Interpolations-array" count="80">
            <param type="name"/>
          </accessor>
        </technique_common>
      </source>
      <sampler id="mixamorig_Spine-Matrix-animation-transform">
        <input semantic="INPUT" source="#mixamorig_Spine-Matrix-animation-input"/>
        <input semantic="OUTPUT" source="#mixamorig_Spine-Matrix-animation-output-transform"/>
        <input semantic="INTERPOLATION" source="#mixamorig_Spine-Interpolations"/>
      </sampler>
      <channel source="#mixamorig_Spine-Matrix-animation-transform" target="mixamorig_Spine/matrix"/>
    </animation>
    <animation id="mixamorig_Spine1-anim" name="mixamorig_Spine1">
      <source id="mixamorig_Spine1-Matrix-animation-input">
        <float_array id="mixamorig_Spine1-Matrix-animation-input-array" count="80">

0.000000 0.033333 0.066667 0.100000 0.133333 0.166667 0.200000 0.233333 0.266667 0.300000 0.333333 0.366667 0.400000 0.433333 0.466667 0.500000
0.533333 0.566667 0.600000 0.633333 0.666667 0.700000 0.733333 0.766667 0.800000 0.833333 0.866667 0.900000 0.933333 0.966667 1.000000 1.033333
1.066667 1.100000 1.133333 1.166667 1.200000 1.233333 1.266667 1.300000 1.333333 1.366667 1.400000 1.433333 1.466667 1.500000 1.533333 1.566667
1.600000 1.633333 1.666667 1.700000 1.733333 1.766667 1.800000 1.833333 1.866667 1.900000 1.933333 1.966667 2.000000 2.033333 2.066667 2.100000
2.133333 2.166667 2.200000 2.233333 2.266667 2.300000 2.333333 2.366667 2.400000 2.433333 2.466667 2.500000 2.533333 2.566667 2.600000 2.633333</float_array>
        <technique_common>
          <accessor source="#mixamorig_Spine1-Matrix-animation-input-array" count="80">
            <param name="TIME" type="float"/>
          </accessor>
        </technique_common>
      </source>
      <source id="mixamorig_Spine1-Matrix-animation-output-transform">
        <float_array id="mixamorig_Spine1-Matrix-animation-output-transform-array" count="1280">

0.999458 -0.023664 -0.022884 0.000000 0.020495 0.991304 -0.129983 16.086300 0.025761 0.129444 0.991252 -0.000000 0.000000 0.000000 0.000000 1.000000
0.999571 -0.022122 -0.019185 0.000000 0.019496 0.991630 -0.127635 16.086300 0.021848 0.127206 0.991636 0.000000 0.000000 0.000000 0.000000 1.000000
0.999693 -0.020760 -0.013518 0.000000 0.018924 0.992091 -0.124083 16.086300 0.015987 0.123789 0.992180 0.000000 0.000000 0.000000 0.000000 1.000000
0.999778 -0.020119 -0.006298 0.000000 0.019224 0.992667 -0.119343 16.086300 0.008653 0.119195 0.992833 0.000000 0.000000 0.000000 0.000000 1.000000
0.999753 -0.022139 -0.001900 0.000000 0.021784 0.993399 -0.112627 16.086300 0.004381 0.112557 0.993636 0.000000 0.000000 0.000000 0.000000 1.000000
0.999599 -0.028096 -0.003654 0.000000 0.027575 0.994359 -0.102423 16.086300 0.006511 0.102281 0.994734 -0.000000 0.000000 0.000000 0.000000 1.000000
0.999413 -0.033869 -0.005158 0.000000 0.033289 0.995617 -0.087400 16.086300 0.008096 0.087177 0.996160 0.000000 0.000000 0.000000 0.000000 1.000000
0.999202 -0.038906 -0.009054 0.000000 0.038145 0.996617 -0.072797 16.086300 0.011856 0.072393 0.997306 0.000000 0.000000 0.000000 0.000000 1.000000
0.998507 -0.047647 -0.026702 0.000000 0.045982 0.997149 -0.059837 16.086300 0.029477 0.058520 0.997851 0.000000 0.000000 0.000000 0.000000 1.000000
0.996840 -0.060558 -0.051413 -0.000000 0.058326 0.997334 -0.043861 16.086300 0.053932 0.040724 0.997714 0.000000 0.000000 0.000000 0.000000 1.000000
0.993784 -0.076702 -0.080685 -0.000000 0.074935 0.996882 -0.024708 16.086300 0.082328 0.018508 0.996433 0.000000 0.000000 0.000000 0.000000 1.000000
0.990413 -0.088048 -0.106439 0.000000 0.087425 0.996116 -0.010518 16.086300 0.106952 0.001112 0.994264 0.000000 0.000000 0.000000 0.000000 1.000000
0.987881 -0.095081 -0.122678 -0.000000 0.095712 0.995409 -0.000751 16.086300 0.122187 -0.011000 0.992446 -0.000000 0.000000 0.000000 0.000000 1.000000
0.985706 -0.099477 -0.135967 0.000000 0.100620 0.994924 0.001538 16.086300 0.135124 -0.015197 0.990712 0.000000 0.000000 0.000000 0.000000 1.000000
0.982908 -0.105634 -0.150775 0.000000 0.106754 0.994285 -0.000672 16.086300 0.149985 -0.015436 0.988568 0.000000 0.000000 0.000000 0.000000 1.000000
0.979912 -0.113207 -0.164183 0.000000 0.113987 0.993471 -0.004696 16.086300 0.163642 -0.014114 0.986419 0.000000 0.000000 0.000000 0.000000 1.000000
0.977399 -0.115789 -0.176871 0.000000 0.116329 0.993183 -0.007349 16.086300 0.176516 -0.013392 0.984207 0.000000 0.000000 0.000000 0.000000 1.000000
0.975443 -0.115049 -0.187813 0.000000 0.115385 0.993278 -0.009183 16.086300 0.187607 -0.012713 0.982162 0.000000 0.000000 0.000000 0.000000 1.000000
0.974109 -0.117365 -0.193229 0.000000 0.117362 0.993023 -0.011502 16.086300 0.193231 -0.011474 0.981086 -0.000000 0.000000 0.000000 0.000000 1.000000
0.973579 -0.120662 -0.193869 0.000000 0.120466 0.992634 -0.012842 16.086300 0.193990 -0.010852 0.980943 0.000000 0.000000 0.000000 0.000000 1.000000
0.973552 -0.121939 -0.193204 0.000000 0.121950 0.992465 -0.011885 16.086300 0.193198 -0.011991 0.981087 0.000000 0.000000 0.000000 0.000000 1.000000
0.973793 -0.121952 -0.191975 -0.000000 0.122672 0.992414 -0.008178 16.086300 0.191516 -0.015586 0.981366 0.000000 0.000000 0.000000 0.000000 1.000000
0.974597 -0.117710 -0.190536 0.000000 0.119723 0.992807 -0.000955 16.086300 0.189278 -0.021881 0.981680 0.000000 0.000000 0.000000 0.000000 1.000000
0.976663 -0.107098 -0.186171 0.000000 0.110301 0.993874 0.006898 16.086300 0.184292 -0.027271 0.982493 0.000000 0.000000 0.000000 0.000000 1.000000
0.982004 -0.090614 -0.165704 0.000000 0.093881 0.995511 0.011974 16.086300 0.163876 -0.027315 0.986103 0.000000 0.000000 0.000000 0.000000 1.000000
0.989602 -0.067611 -0.126955 0.000000 0.069877 0.997465 0.013470 16.086300 0.125722 -0.022201 0.991817 0.000000 0.000000 0.000000 0.000000 1.000000
0.995987 -0.044855 -0.077443 -0.000000 0.045221 0.998973 0.002975 16.086300 0.077230 -0.006465 0.996992 0.000000 0.000000 0.000000 0.000000 1.000000
0.999128 -0.035632 -0.021744 0.000000 0.035207 0.999187 -0.019631 16.086300 0.022426 0.018848 0.999571 0.000000 0.000000 0.000000 0.000000 1.000000
0.998501 -0.046951 0.028116 -0.000000 0.047966 0.998179 -0.036578 16.086300 -0.026347 0.037872 0.998935 0.000000 0.000000 0.000000 0.000000 1.000000
0.995273 -0.070577 0.066706 0.000000 0.073278 0.996551 -0.038944 16.086300 -0.063727 0.043648 0.997012 0.000000 0.000000 0.000000 0.000000 1.000000
0.991797 -0.083111 0.097117 0.000000 0.087476 0.995299 -0.041576 16.086300 -0.093205 0.049731 0.994404 0.000000 0.000000 0.000000 0.000000 1.000000
0.990362 -0.072969 0.117726 0.000000 0.079762 0.995347 -0.054055 16.086300 -0.113234 0.062925 0.991574 0.000000 0.000000 0.000000 0.000000 1.000000
0.988644 -0.065885 0.135062 -0.000000 0.076121 0.994490 -0.072077 16.086300 -0.129569 0.081540 0.988212 -0.000000 0.000000 0.000000 0.000000 1.000000
0.983551 -0.070206 0.166427 0.000000 0.086470 0.991943 -0.092580 16.086300 -0.158586 0.105448 0.981698 0.000000 0.000000 0.000000 0.000000 1.000000
0.979915 -0.073111 0.185529 -0.000000 0.096341 0.988155 -0.119446 16.086300 -0.174599 0.134921 0.975352 -0.000000 0.000000 0.000000 0.000000 1.000000
0.984416 -0.063768 0.163887 -0.000000 0.089293 0.984116 -0.153435 16.086300 -0.151499 0.165677 0.974474 0.000000 0.000000 0.000000 0.000000 1.000000
0.990606 -0.047447 0.128253 -0.000000 0.070773 0.980385 -0.183947 16.086300 -0.117010 0.191295 0.974533 0.000000 0.000000 0.000000 0.000000 1.000000
0.995254 -0.028660 0.092993 -0.000000 0.047718 0.976595 -0.209724 16.086300 -0.084806 0.213167 0.973328 0.000000 0.000000 0.000000 0.000000 1.000000
0.998691 -0.007172 0.050652 -0.000000 0.018869 0.971954 -0.234411 16.086300 -0.047551 0.235060 0.970817 0.000000 0.000000 0.000000 0.000000 1.000000
0.999817 0.012923 0.014080 0.000000 -0.008974 0.967904 -0.251161 16.086300 -0.016874 0.250989 0.967843 0.000000 0.000000 0.000000 0.000000 1.000000
0.999663 0.025458 -0.005070 0.000000 -0.025913 0.967160 -0.252842 16.086300 -0.001533 0.252888 0.967494 0.000000 0.000000 0.000000 0.000000 1.000000
0.999490 0.029604 -0.011968 0.000000 -0.031624 0.969580 -0.242723 16.086300 0.004418 0.242977 0.970022 0.000000 0.000000 0.000000 0.000000 1.000000
0.999507 0.026603 -0.016693 0.000000 -0.029688 0.973714 -0.225832 16.086300 0.010246 0.226216 0.974023 0.000000 0.000000 0.000000 0.000000 1.000000
0.999633 0.019013 -0.019276 0.000000 -0.022615 0.977795 -0.208342 16.086300 0.014886 0.208701 0.977866 0.000000 0.000000 0.000000 0.000000 1.000000
0.999882 0.011360 -0.010322 0.000000 -0.013148 0.980892 -0.194108 16.086300 0.007920 0.194221 0.980926 0.000000 0.000000 0.000000 0.000000 1.000000
0.999986 0.004906 0.002187 0.000000 -0.004439 0.984059 -0.177784 16.086300 -0.003024 0.177772 0.984067 0.000000 0.000000 0.000000 0.000000 1.000000
0.999999 -0.000294 0.001228 -0.000000 0.000490 0.986598 -0.163169 16.086300 -0.001163 0.163169 0.986597 0.000000 0.000000 0.000000 0.000000 1.000000
0.999893 -0.007558 -0.012539 0.000000 0.005553 0.988234 -0.152848 16.086300 0.013546 0.152762 0.988170 -0.000000 0.000000 0.000000 0.000000 1.000000
0.999451 -0.016241 -0.028887 0.000000 0.011915 0.989497 -0.144059 16.086300 0.030923 0.143635 0.989147 0.000000 0.000000 0.000000 0.000000 1.000000
0.998823 -0.022197 -0.043123 0.000000 0.016040 0.990273 -0.138208 16.086300 0.045771 0.137353 0.989464 -0.000000 0.000000 0.000000 0.000000 1.000000
0.998203 -0.024789 -0.054562 0.000000 0.017275 0.990814 -0.134124 16.086300 0.057386 0.132940 0.989461 0.000000 0.000000 0.000000 0.000000 1.000000
0.997591 -0.028465 -0.063265 -0.000000 0.020058 0.991343 -0.129754 16.086300 0.066411 0.128172 0.989526 0.000000 0.000000 0.000000 0.000000 1.000000
0.997024 -0.033906 -0.069240 -0.000000 0.025068 0.991872 -0.124742 16.086300 0.072907 0.122635 0.989770 0.000000 0.000000 0.000000 0.000000 1.000000
0.996530 -0.039248 -0.073406 0.000000 0.030301 0.992401 -0.119258 16.086300 0.077529 0.116620 0.990146 0.000000 0.000000 0.000000 0.000000 1.000000
0.995927 -0.044938 -0.078164 0.000000 0.035841 0.992819 -0.114127 16.086300 0.082731 0.110861 0.990386 0.000000 0.000000 0.000000 0.000000 1.000000
0.995210 -0.050194 -0.083894 0.000000 0.040861 0.993149 -0.109480 16.086300 0.088814 0.105528 0.990442 -0.000000 0.000000 0.000000 0.000000 1.000000
